image_width: 640
image_height: 480
camera_name: narrow_stereo
camera_matrix:
  rows: 3
  cols: 3
  data: [487.126709, 0.000000, 316.093917, 0.000000, 486.541767, 233.061036, 0.000000, 0.000000, 1.000000]
distortion_model: plumb_bob
distortion_coefficients:
  rows: 1
  cols: 5
  data: [0.121363, -0.230987, -0.006547, 0.001416, 0.000000]
rectification_matrix:
  rows: 3
  cols: 3
  data: [1.000000, 0.000000, 0.000000, 0.000000, 1.000000, 0.000000, 0.000000, 0.000000, 1.000000]
projection_matrix:
  rows: 3
  cols: 4
  data: [492.291382, 0.000000, 316.762465, 0.000000, 0.000000, 494.294678, 230.632152, 0.000000, 0.000000, 0.000000, 1.000000, 0.000000]
